Best:7.50377:1.78884e-09
Best2:7.50377:1.78884e-09
Best3:7.50377:1.78884e-09
