XsCrudWt:100000:1053737.9030726691708:11103635.683726042509:10.537379030739449703:10.537379030739449703
PartonsGeneration:100000:96828.218556417123182:94125.992214875543141:1.093430345744311305:0
HardProcessWeight:100000:99925:99925:1:0
#
Born%unpolarized:100000:99922.267899102298543:99919.545897642179625:1.0125926866543200067:0
#
Born%unpolarized:100000:1020288.1719150120625:10450852.967142995447:11.521888601005013442:0
#
Born%unpolarized:100000:1020288.1719150120625:10450852.967142995447:11.521888601005013442:0
