Best:10.2029:0.00202419
# All
Born%unpolarized:10.2029:0.00202419
